Filename, Success, bbox_x1, bbox_y1, bbox_x2, bbox_y2, score
1_s0_fi0_fu0_b0_l0, 1,  674,  518,  733,  607, 1.00
1_s0_fi1_fu1_b0_l0, 1,  687,  521,  746,  609, 1.00
1_s0_fi1_fu2_b0_l0, 1,  684,  521,  743,  609, 1.00
1_s0_fi2_fu1_b0_l0, 1,  688,  522,  749,  610, 1.00
1_s0_fi2_fu2_b0_l0, 1,  688,  521,  750,  610, 1.00
1_s0_fi3_fu1_b0_l0, 1,  702,  522,  761,  612, 1.00
1_s0_fi3_fu2_b0_l0, 1,  699,  523,  758,  613, 1.00
1_s0_fi0_fu0_b0_l1, 1,  664,  522,  727,  612, 1.00
1_s0_fi1_fu1_b0_l1, 1,  678,  526,  742,  615, 1.00
1_s0_fi1_fu2_b0_l1, 1,  674,  524,  736,  614, 1.00
1_s0_fi2_fu1_b0_l1, 1,  683,  529,  741,  619, 1.00
1_s0_fi2_fu2_b0_l1, 1,  675,  521,  734,  610, 1.00
1_s0_fi3_fu1_b0_l1, 1,  691,  528,  752,  616, 1.00
1_s0_fi3_fu2_b0_l1, 1,  692,  528,  754,  615, 1.00
1_s0_fi0_fu0_b1_l0, 1,  700,  536,  760,  628, 1.00
1_s0_fi1_fu1_b1_l0, 1,  689,  539,  751,  628, 1.00
1_s0_fi1_fu2_b1_l0, 1,  691,  535,  756,  626, 1.00
1_s0_fi2_fu1_b1_l0, 1,  707,  542,  769,  637, 1.00
1_s0_fi2_fu2_b1_l0, 1,  708,  543,  772,  637, 1.00
1_s0_fi3_fu1_b1_l0, 1,  720,  538,  783,  631, 1.00
1_s0_fi3_fu2_b1_l0, 1,  697,  542,  761,  637, 1.00
1_s0_fi0_fu0_b1_l1, 1,  719,  561,  788,  660, 1.00
1_s0_fi1_fu1_b1_l1, 1,  712,  561,  781,  658, 1.00
1_s0_fi1_fu2_b1_l1, 1,  733,  564,  799,  668, 1.00
1_s0_fi2_fu1_b1_l1, 1,  718,  552,  785,  646, 1.00
1_s0_fi2_fu2_b1_l1, 1,  706,  555,  777,  652, 1.00
1_s0_fi3_fu1_b1_l1, 1,  720,  556,  790,  651, 1.00
1_s0_fi3_fu2_b1_l1, 1,  721,  559,  793,  652, 1.00
1_s1_fi0_fu0_b0_l0, 1,  646,  462,  701,  521, 0.98
1_s1_fi1_fu1_b0_l0, 1,  680,  465,  731,  540, 0.98
1_s1_fi1_fu2_b0_l0, 1,  669,  459,  729,  536, 1.00
1_s1_fi2_fu1_b0_l0, 1,  676,  480,  733,  558, 1.00
1_s1_fi2_fu2_b0_l0, 1,  669,  479,  728,  561, 1.00
1_s1_fi3_fu1_b0_l0, 1,  663,  473,  722,  554, 0.99
1_s1_fi3_fu2_b0_l0, 1,  669,  479,  729,  562, 1.00
1_s1_fi0_fu0_b0_l1, 1,  646,  466,  707,  557, 1.00
1_s1_fi1_fu1_b0_l1, 1,  711,  497,  776,  581, 1.00
1_s1_fi1_fu2_b0_l1, 1,  711,  488,  772,  577, 1.00
1_s1_fi2_fu1_b0_l1, 1,  721,  494,  787,  580, 1.00
1_s1_fi2_fu2_b0_l1, 1,  720,  489,  778,  572, 1.00
1_s1_fi3_fu1_b0_l1, 1,  720,  512,  792,  601, 1.00
1_s1_fi3_fu2_b0_l1, 1,  733,  496,  800,  583, 1.00
1_s1_fi0_fu0_b1_l0, 1,  660,  464,  725,  529, 0.99
1_s1_fi1_fu1_b1_l0, 1,  711,  495,  776,  582, 1.00
1_s1_fi1_fu2_b1_l0, 1,  720,  488,  784,  578, 1.00
1_s1_fi2_fu1_b1_l0, 1,  719,  492,  785,  580, 1.00
1_s1_fi2_fu2_b1_l0, 1,  728,  495,  793,  586, 1.00
1_s1_fi3_fu1_b1_l0, 1,  728,  492,  788,  580, 1.00
1_s1_fi3_fu2_b1_l0, 1,  732,  508,  798,  598, 1.00
1_s1_fi0_fu0_b1_l1, 1,  680,  536,  754,  606, 0.96
1_s1_fi1_fu1_b1_l1, 1,  731,  499,  799,  594, 1.00
1_s1_fi1_fu2_b1_l1, 1,  702,  538,  768,  628, 1.00
1_s1_fi2_fu1_b1_l1, 1,  715,  504,  780,  603, 1.00
1_s1_fi2_fu2_b1_l1, 1,  718,  496,  791,  590, 1.00
1_s1_fi3_fu1_b1_l1, 1,  716,  512,  784,  606, 1.00
1_s1_fi3_fu2_b1_l1, 1,  719,  506,  794,  596, 1.00
1_s2_fi0_fu0_b0_l0, 0,    0,    0,    0,    0, -1.00
1_s2_fi1_fu1_b0_l0, 0,    0,    0,    0,    0, -1.00
1_s2_fi1_fu2_b0_l0, 0,    0,    0,    0,    0, -1.00
1_s2_fi2_fu1_b0_l0, 0,    0,    0,    0,    0, -1.00
1_s2_fi2_fu2_b0_l0, 1, 1045,  626, 1112,  687, 0.61
1_s2_fi3_fu1_b0_l0, 1, 1209,  549, 1277,  714, 0.58
1_s2_fi3_fu2_b0_l0, 0,    0,    0,    0,    0, -1.00
1_s2_fi0_fu0_b0_l1, 1, 1045,  626, 1112,  686, 0.62
1_s2_fi1_fu1_b0_l1, 0,    0,    0,    0,    0, -1.00
1_s2_fi1_fu2_b0_l1, 0,    0,    0,    0,    0, -1.00
1_s2_fi2_fu1_b0_l1, 1, 1045,  627, 1114,  686, 0.74
1_s2_fi2_fu2_b0_l1, 1, 1044,  626, 1114,  686, 0.67
1_s2_fi3_fu1_b0_l1, 1, 1044,  627, 1114,  687, 0.64
1_s2_fi3_fu2_b0_l1, 1, 1045,  627, 1114,  687, 0.73
1_s2_fi0_fu0_b1_l0, 1, 1046,  625, 1111,  686, 0.65
1_s2_fi1_fu1_b1_l0, 0,    0,    0,    0,    0, -1.00
1_s2_fi1_fu2_b1_l0, 0,    0,    0,    0,    0, -1.00
1_s2_fi2_fu1_b1_l0, 1, 1044,  625, 1112,  686, 0.55
1_s2_fi2_fu2_b1_l0, 0,    0,    0,    0,    0, -1.00
1_s2_fi3_fu1_b1_l0, 0,    0,    0,    0,    0, -1.00
1_s2_fi3_fu2_b1_l0, 0,    0,    0,    0,    0, -1.00
1_s2_fi0_fu0_b1_l1, 1, 1045,  627, 1113,  686, 0.79
1_s2_fi1_fu1_b1_l1, 0,    0,    0,    0,    0, -1.00
1_s2_fi1_fu2_b1_l1, 1, 1043,  627, 1113,  686, 0.63
1_s2_fi2_fu1_b1_l1, 0,    0,    0,    0,    0, -1.00
1_s2_fi2_fu2_b1_l1, 1, 1045,  627, 1114,  687, 0.50
1_s2_fi3_fu1_b1_l1, 1, 1044,  627, 1114,  689, 0.66
1_s2_fi3_fu2_b1_l1, 1, 1046,  626, 1114,  684, 0.61
2_s0_fi0_fu0_b0_l0, 1,  700,  547,  743,  611, 1.00
2_s0_fi1_fu1_b0_l0, 1,  688,  542,  730,  604, 1.00
2_s0_fi1_fu2_b0_l0, 1,  696,  543,  739,  604, 1.00
2_s0_fi2_fu1_b0_l0, 1,  688,  546,  729,  609, 1.00
2_s0_fi2_fu2_b0_l0, 1,  697,  545,  740,  607, 1.00
2_s0_fi3_fu1_b0_l0, 1,  706,  547,  748,  612, 1.00
2_s0_fi3_fu2_b0_l0, 1,  705,  549,  748,  615, 1.00
2_s0_fi0_fu0_b0_l1, 1,  686,  548,  727,  612, 1.00
2_s0_fi1_fu1_b0_l1, 1,  682,  546,  723,  608, 1.00
2_s0_fi1_fu2_b0_l1, 1,  684,  548,  725,  611, 1.00
2_s0_fi2_fu1_b0_l1, 1,  684,  548,  725,  612, 1.00
2_s0_fi2_fu2_b0_l1, 1,  684,  546,  725,  608, 1.00
2_s0_fi3_fu1_b0_l1, 1,  684,  546,  726,  609, 1.00
2_s0_fi3_fu2_b0_l1, 1,  691,  552,  734,  616, 1.00
2_s0_fi0_fu0_b1_l0, 1,  713,  577,  763,  644, 1.00
2_s0_fi1_fu1_b1_l0, 1,  772,  579,  818,  647, 1.00
2_s0_fi1_fu2_b1_l0, 1,  753,  578,  800,  647, 1.00
2_s0_fi2_fu1_b1_l0, 1,  765,  579,  812,  648, 1.00
2_s0_fi2_fu2_b1_l0, 1,  755,  580,  800,  650, 1.00
2_s0_fi3_fu1_b1_l0, 1,  763,  578,  810,  648, 1.00
2_s0_fi3_fu2_b1_l0, 1,  758,  569,  804,  637, 1.00
2_s0_fi0_fu0_b1_l1, 1,  742,  579,  790,  648, 1.00
2_s0_fi1_fu1_b1_l1, 1,  726,  581,  777,  649, 1.00
2_s0_fi1_fu2_b1_l1, 1,  728,  582,  781,  651, 1.00
2_s0_fi2_fu1_b1_l1, 1,  727,  581,  777,  648, 1.00
2_s0_fi2_fu2_b1_l1, 1,  729,  580,  778,  648, 1.00
2_s0_fi3_fu1_b1_l1, 1,  742,  583,  793,  651, 1.00
2_s0_fi3_fu2_b1_l1, 1,  725,  583,  777,  650, 1.00
2_s1_fi0_fu0_b0_l0, 1,  679,  488,  721,  548, 1.00
2_s1_fi1_fu1_b0_l0, 1,  669,  499,  713,  554, 1.00
2_s1_fi1_fu2_b0_l0, 1,  680,  498,  726,  557, 0.99
2_s1_fi2_fu1_b0_l0, 1,  698,  489,  746,  544, 0.99
2_s1_fi2_fu2_b0_l0, 1,  665,  491,  709,  554, 0.99
2_s1_fi3_fu1_b0_l0, 1,  683,  493,  737,  550, 0.96
2_s1_fi3_fu2_b0_l0, 1,  705,  489,  751,  554, 0.99
2_s1_fi0_fu0_b0_l1, 1,  703,  511,  755,  573, 1.00
2_s1_fi1_fu1_b0_l1, 1,  744,  531,  794,  597, 0.99
2_s1_fi1_fu2_b0_l1, 1,  730,  523,  788,  590, 1.00
2_s1_fi2_fu1_b0_l1, 1,  736,  525,  789,  591, 1.00
2_s1_fi2_fu2_b0_l1, 1,  741,  524,  797,  589, 0.99
2_s1_fi3_fu1_b0_l1, 1,  737,  534,  786,  601, 1.00
2_s1_fi3_fu2_b0_l1, 1,  740,  512,  790,  576, 1.00
2_s1_fi0_fu0_b1_l0, 1,  712,  511,  756,  570, 1.00
2_s1_fi1_fu1_b1_l0, 1,  738,  515,  785,  580, 1.00
2_s1_fi1_fu2_b1_l0, 1,  736,  515,  784,  579, 1.00
2_s1_fi2_fu1_b1_l0, 1,  728,  510,  777,  572, 1.00
2_s1_fi2_fu2_b1_l0, 1,  749,  517,  795,  584, 1.00
2_s1_fi3_fu1_b1_l0, 1,  736,  522,  786,  587, 1.00
2_s1_fi3_fu2_b1_l0, 1,  728,  516,  780,  580, 1.00
2_s1_fi0_fu0_b1_l1, 1,  699,  539,  751,  579, 0.77
2_s1_fi1_fu1_b1_l1, 1,  720,  532,  770,  595, 0.99
2_s1_fi1_fu2_b1_l1, 1,  715,  519,  763,  581, 0.99
2_s1_fi2_fu1_b1_l1, 1,  715,  524,  765,  581, 0.99
2_s1_fi2_fu2_b1_l1, 1,  718,  533,  766,  596, 0.98
2_s1_fi3_fu1_b1_l1, 1,  701,  530,  751,  591, 0.99
2_s1_fi3_fu2_b1_l1, 1,  719,  533,  766,  597, 0.98
2_s2_fi0_fu0_b0_l0, 0,    0,    0,    0,    0, -1.00
2_s2_fi1_fu1_b0_l0, 0,    0,    0,    0,    0, -1.00
2_s2_fi1_fu2_b0_l0, 0,    0,    0,    0,    0, -1.00
2_s2_fi2_fu1_b0_l0, 0,    0,    0,    0,    0, -1.00
2_s2_fi2_fu2_b0_l0, 1, 1045,  626, 1112,  689, 0.57
2_s2_fi3_fu1_b0_l0, 0,    0,    0,    0,    0, -1.00
2_s2_fi3_fu2_b0_l0, 0,    0,    0,    0,    0, -1.00
2_s2_fi0_fu0_b0_l1, 1, 1046,  627, 1114,  685, 0.54
2_s2_fi1_fu1_b0_l1, 1, 1044,  628, 1115,  689, 0.64
2_s2_fi1_fu2_b0_l1, 0,    0,    0,    0,    0, -1.00
2_s2_fi2_fu1_b0_l1, 1, 1044,  628, 1114,  689, 0.57
2_s2_fi2_fu2_b0_l1, 0,    0,    0,    0,    0, -1.00
2_s2_fi3_fu1_b0_l1, 1, 1046,  629, 1114,  688, 0.63
2_s2_fi3_fu2_b0_l1, 1, 1046,  627, 1114,  685, 0.56
2_s2_fi0_fu0_b1_l0, 0,    0,    0,    0,    0, -1.00
2_s2_fi1_fu1_b1_l0, 0,    0,    0,    0,    0, -1.00
2_s2_fi1_fu2_b1_l0, 0,    0,    0,    0,    0, -1.00
2_s2_fi2_fu1_b1_l0, 0,    0,    0,    0,    0, -1.00
2_s2_fi2_fu2_b1_l0, 1, 1045,  627, 1114,  687, 0.64
2_s2_fi3_fu1_b1_l0, 0,    0,    0,    0,    0, -1.00
2_s2_fi3_fu2_b1_l0, 0,    0,    0,    0,    0, -1.00
2_s2_fi0_fu0_b1_l1, 1, 1044,  626, 1114,  687, 0.59
2_s2_fi1_fu1_b1_l1, 1, 1046,  627, 1114,  685, 0.66
2_s2_fi1_fu2_b1_l1, 1, 1045,  627, 1114,  685, 0.67
2_s2_fi2_fu1_b1_l1, 0,    0,    0,    0,    0, -1.00
2_s2_fi2_fu2_b1_l1, 0,    0,    0,    0,    0, -1.00
2_s2_fi3_fu1_b1_l1, 1, 1045,  627, 1114,  687, 0.69
2_s2_fi3_fu2_b1_l1, 1, 1045,  627, 1114,  686, 0.71
3_s0_fi0_fu0_b0_l0, 1,  699,  545,  742,  610, 0.99
3_s0_fi1_fu1_b0_l0, 1,  713,  547,  752,  611, 0.99
3_s0_fi1_fu2_b0_l0, 1,  707,  544,  749,  604, 0.99
3_s0_fi2_fu1_b0_l0, 1,  696,  540,  738,  603, 1.00
3_s0_fi2_fu2_b0_l0, 1,  703,  544,  744,  605, 0.99
3_s0_fi3_fu1_b0_l0, 1,  688,  541,  729,  602, 1.00
3_s0_fi3_fu2_b0_l0, 1,  696,  547,  737,  609, 0.99
3_s0_fi0_fu0_b0_l1, 1,  685,  549,  729,  608, 0.97
3_s0_fi1_fu1_b0_l1, 1,  681,  548,  722,  586, 0.98
3_s0_fi1_fu2_b0_l1, 1,  684,  544,  726,  585, 0.99
3_s0_fi2_fu1_b0_l1, 1,  688,  547,  729,  586, 0.97
3_s0_fi2_fu2_b0_l1, 1,  550,  527,  643,  642, 0.94
3_s0_fi3_fu1_b0_l1, 1,  687,  549,  728,  605, 0.96
3_s0_fi3_fu2_b0_l1, 1,  687,  549,  728,  584, 0.98
3_s0_fi0_fu0_b1_l0, 0,    0,    0,    0,    0, -1.00
3_s0_fi1_fu1_b1_l0, 1,  636,  555,  735,  678, 0.76
3_s0_fi1_fu2_b1_l0, 1,  647,  553,  744,  668, 0.61
3_s0_fi2_fu1_b1_l0, 1,  644,  551,  746,  677, 0.55
3_s0_fi2_fu2_b1_l0, 1,  636,  551,  737,  670, 0.74
3_s0_fi3_fu1_b1_l0, 1,  645,  553,  752,  681, 0.71
3_s0_fi3_fu2_b1_l0, 1,  637,  546,  726,  673, 0.92
3_s0_fi0_fu0_b1_l1, 1,  726,  579,  775,  647, 0.96
3_s0_fi1_fu1_b1_l1, 1,  589,  556,  676,  680, 0.99
3_s0_fi1_fu2_b1_l1, 1,  581,  559,  666,  682, 0.99
3_s0_fi2_fu1_b1_l1, 1,  596,  559,  681,  683, 0.99
3_s0_fi2_fu2_b1_l1, 1,  603,  551,  687,  672, 0.98
3_s0_fi3_fu1_b1_l1, 1,  601,  558,  685,  678, 0.99
3_s0_fi3_fu2_b1_l1, 1,  600,  554,  684,  676, 0.99
3_s1_fi0_fu0_b0_l0, 1,  661,  499,  701,  556, 0.99
3_s1_fi1_fu1_b0_l0, 1,  543,  493,  618,  587, 0.99
3_s1_fi1_fu2_b0_l0, 1,  682,  486,  727,  541, 0.93
3_s1_fi2_fu1_b0_l0, 1,  722,  505,  772,  567, 0.91
3_s1_fi2_fu2_b0_l0, 1, 1047,  626, 1113,  691, 0.77
3_s1_fi3_fu1_b0_l0, 1,  593,  506,  675,  610, 0.97
3_s1_fi3_fu2_b0_l0, 1, 1045,  626, 1112,  691, 0.75
3_s1_fi0_fu0_b0_l1, 1,  709,  534,  764,  600, 0.90
3_s1_fi1_fu1_b0_l1, 1,  626,  514,  712,  623, 0.89
3_s1_fi1_fu2_b0_l1, 1,  639,  516,  734,  627, 0.81
3_s1_fi2_fu1_b0_l1, 1,  643,  520,  747,  628, 0.75
3_s1_fi2_fu2_b0_l1, 1,  733,  528,  784,  593, 0.85
3_s1_fi3_fu1_b0_l1, 1,  743,  526,  792,  594, 0.96
3_s1_fi3_fu2_b0_l1, 1, 1044,  628, 1115,  689, 0.76
3_s1_fi0_fu0_b1_l0, 1,  716,  503,  757,  565, 0.72
3_s1_fi1_fu1_b1_l0, 1, 1048,  627, 1113,  689, 0.84
3_s1_fi1_fu2_b1_l0, 1,  625,  503,  715,  608, 0.90
3_s1_fi2_fu1_b1_l0, 1,  641,  504,  735,  618, 0.94
3_s1_fi2_fu2_b1_l0, 1,  634,  515,  730,  623, 0.92
3_s1_fi3_fu1_b1_l0, 1,  629,  503,  723,  615, 0.98
3_s1_fi3_fu2_b1_l0, 1,  638,  505,  734,  614, 0.90
3_s1_fi0_fu0_b1_l1, 1,  697,  528,  749,  570, 0.54
3_s1_fi1_fu1_b1_l1, 1,  718,  528,  773,  593, 0.95
3_s1_fi1_fu2_b1_l1, 1,  600,  531,  685,  642, 0.93
3_s1_fi2_fu1_b1_l1, 1,  605,  536,  701,  654, 0.85
3_s1_fi2_fu2_b1_l1, 1,  599,  522,  691,  633, 0.88
3_s1_fi3_fu1_b1_l1, 1,  576,  503,  676,  614, 0.90
3_s1_fi3_fu2_b1_l1, 1,  589,  523,  682,  641, 0.65
3_s2_fi0_fu0_b0_l0, 1, 1209,  547, 1277,  714, 0.54
3_s2_fi1_fu1_b0_l0, 0,    0,    0,    0,    0, -1.00
3_s2_fi1_fu2_b0_l0, 0,    0,    0,    0,    0, -1.00
3_s2_fi2_fu1_b0_l0, 0,    0,    0,    0,    0, -1.00
3_s2_fi2_fu2_b0_l0, 0,    0,    0,    0,    0, -1.00
3_s2_fi3_fu1_b0_l0, 1, 1210,  549, 1278,  714, 0.50
3_s2_fi3_fu2_b0_l0, 0,    0,    0,    0,    0, -1.00
3_s2_fi0_fu0_b0_l1, 1, 1046,  627, 1114,  683, 0.55
3_s2_fi1_fu1_b0_l1, 0,    0,    0,    0,    0, -1.00
3_s2_fi1_fu2_b0_l1, 1, 1045,  627, 1114,  689, 0.62
3_s2_fi2_fu1_b0_l1, 1, 1044,  626, 1114,  687, 0.50
3_s2_fi2_fu2_b0_l1, 1, 1046,  627, 1114,  685, 0.60
3_s2_fi3_fu1_b0_l1, 1, 1045,  627, 1115,  687, 0.77
3_s2_fi3_fu2_b0_l1, 1, 1046,  629, 1114,  686, 0.69
3_s2_fi0_fu0_b1_l0, 1, 1043,  628, 1113,  691, 0.60
3_s2_fi1_fu1_b1_l0, 0,    0,    0,    0,    0, -1.00
3_s2_fi1_fu2_b1_l0, 1, 1047,  627, 1113,  692, 0.54
3_s2_fi2_fu1_b1_l0, 1, 1042,  627, 1113,  691, 0.76
3_s2_fi2_fu2_b1_l0, 0,    0,    0,    0,    0, -1.00
3_s2_fi3_fu1_b1_l0, 0,    0,    0,    0,    0, -1.00
3_s2_fi3_fu2_b1_l0, 0,    0,    0,    0,    0, -1.00
3_s2_fi0_fu0_b1_l1, 1, 1045,  627, 1114,  686, 0.56
3_s2_fi1_fu1_b1_l1, 1, 1046,  627, 1114,  684, 0.60
3_s2_fi1_fu2_b1_l1, 0,    0,    0,    0,    0, -1.00
3_s2_fi2_fu1_b1_l1, 0,    0,    0,    0,    0, -1.00
3_s2_fi2_fu2_b1_l1, 1, 1046,  626, 1115,  687, 0.75
3_s2_fi3_fu1_b1_l1, 1, 1046,  628, 1114,  687, 0.53
3_s2_fi3_fu2_b1_l1, 0,    0,    0,    0,    0, -1.00
4_s0_fi0_fu0_b0_l0, 1,  689,  542,  742,  612, 1.00
4_s0_fi1_fu1_b0_l0, 1,  706,  539,  760,  607, 1.00
4_s0_fi1_fu2_b0_l0, 1,  695,  538,  750,  607, 0.99
4_s0_fi2_fu1_b0_l0, 1,  697,  540,  751,  609, 0.99
4_s0_fi2_fu2_b0_l0, 1,  681,  546,  734,  614, 0.99
4_s0_fi3_fu1_b0_l0, 1,  691,  543,  745,  611, 0.99
4_s0_fi3_fu2_b0_l0, 1,  689,  538,  741,  605, 1.00
4_s0_fi0_fu0_b0_l1, 1, 1047,  628, 1113,  686, 0.66
4_s0_fi1_fu1_b0_l1, 1,  688,  544,  740,  612, 0.99
4_s0_fi1_fu2_b0_l1, 1,  688,  541,  741,  609, 1.00
4_s0_fi2_fu1_b0_l1, 1,  688,  539,  741,  606, 0.99
4_s0_fi2_fu2_b0_l1, 1,  687,  544,  740,  611, 1.00
4_s0_fi3_fu1_b0_l1, 1,  699,  542,  754,  610, 0.99
4_s0_fi3_fu2_b0_l1, 1,  677,  544,  731,  612, 0.99
4_s0_fi0_fu0_b1_l0, 1,  690,  549,  746,  621, 1.00
4_s0_fi1_fu1_b1_l0, 1,  764,  566,  822,  640, 0.99
4_s0_fi1_fu2_b1_l0, 1,  766,  573,  823,  647, 0.99
4_s0_fi2_fu1_b1_l0, 1,  768,  572,  827,  652, 0.99
4_s0_fi2_fu2_b1_l0, 1,  778,  563,  832,  637, 0.99
4_s0_fi3_fu1_b1_l0, 1,  781,  573,  844,  653, 0.98
4_s0_fi3_fu2_b1_l0, 1,  773,  563,  830,  638, 0.99
4_s0_fi0_fu0_b1_l1, 1,  738,  577,  797,  652, 0.99
4_s0_fi1_fu1_b1_l1, 1,  720,  574,  784,  648, 0.99
4_s0_fi1_fu2_b1_l1, 1,  736,  577,  797,  653, 0.99
4_s0_fi2_fu1_b1_l1, 1,  717,  576,  779,  652, 0.99
4_s0_fi2_fu2_b1_l1, 1,  720,  581,  784,  657, 0.99
4_s0_fi3_fu1_b1_l1, 1,  714,  575,  779,  651, 0.99
4_s0_fi3_fu2_b1_l1, 1,  719,  579,  781,  654, 0.99
4_s1_fi0_fu0_b0_l0, 1,  662,  500,  707,  553, 0.83
4_s1_fi1_fu1_b0_l0, 1,  564,  506,  636,  604, 0.98
4_s1_fi1_fu2_b0_l0, 1,  716,  494,  770,  558, 0.97
4_s1_fi2_fu1_b0_l0, 1,  732,  488,  784,  545, 0.98
4_s1_fi2_fu2_b0_l0, 1,  726,  470,  782,  538, 0.98
4_s1_fi3_fu1_b0_l0, 1,  724,  488,  776,  552, 0.96
4_s1_fi3_fu2_b0_l0, 1,  702,  492,  752,  549, 0.95
4_s1_fi0_fu0_b0_l1, 1,  720,  508,  776,  575, 0.97
4_s1_fi1_fu1_b0_l1, 1,  734,  524,  792,  594, 0.99
4_s1_fi1_fu2_b0_l1, 1,  735,  520,  798,  589, 0.98
4_s1_fi2_fu1_b0_l1, 1,  732,  516,  787,  582, 0.99
4_s1_fi2_fu2_b0_l1, 1,  726,  514,  780,  582, 0.97
4_s1_fi3_fu1_b0_l1, 1,  724,  523,  783,  595, 0.99
4_s1_fi3_fu2_b0_l1, 1,  730,  516,  787,  584, 0.99
4_s1_fi0_fu0_b1_l0, 1,  713,  491,  770,  562, 0.99
4_s1_fi1_fu1_b1_l0, 1,  736,  487,  794,  561, 0.99
4_s1_fi1_fu2_b1_l0, 1,  734,  513,  793,  583, 0.99
4_s1_fi2_fu1_b1_l0, 1,  738,  503,  796,  574, 0.99
4_s1_fi2_fu2_b1_l0, 1,  748,  527,  802,  596, 0.99
4_s1_fi3_fu1_b1_l0, 1,  735,  511,  799,  579, 0.99
4_s1_fi3_fu2_b1_l0, 1,  732,  516,  791,  590, 0.99
4_s1_fi0_fu0_b1_l1, 1, 1044,  627, 1114,  687, 0.62
4_s1_fi1_fu1_b1_l1, 1,  727,  535,  790,  606, 0.97
4_s1_fi1_fu2_b1_l1, 1,  617,  537,  709,  646, 0.90
4_s1_fi2_fu1_b1_l1, 1,  730,  520,  787,  591, 0.99
4_s1_fi2_fu2_b1_l1, 1,  726,  533,  787,  606, 0.98
4_s1_fi3_fu1_b1_l1, 1,  722,  525,  785,  598, 0.99
4_s1_fi3_fu2_b1_l1, 1,  720,  535,  780,  604, 0.92
4_s2_fi0_fu0_b0_l0, 1, 1044,  626, 1112,  691, 0.69
4_s2_fi1_fu1_b0_l0, 0,    0,    0,    0,    0, -1.00
4_s2_fi1_fu2_b0_l0, 0,    0,    0,    0,    0, -1.00
4_s2_fi2_fu1_b0_l0, 1, 1046,  627, 1112,  688, 0.54
4_s2_fi2_fu2_b0_l0, 0,    0,    0,    0,    0, -1.00
4_s2_fi3_fu1_b0_l0, 1, 1046,  625, 1113,  690, 0.55
4_s2_fi3_fu2_b0_l0, 0,    0,    0,    0,    0, -1.00
4_s2_fi0_fu0_b0_l1, 1, 1044,  627, 1114,  689, 0.60
4_s2_fi1_fu1_b0_l1, 1, 1211,  548, 1277,  715, 0.57
4_s2_fi1_fu2_b0_l1, 0,    0,    0,    0,    0, -1.00
4_s2_fi2_fu1_b0_l1, 1, 1046,  627, 1114,  684, 0.52
4_s2_fi2_fu2_b0_l1, 0,    0,    0,    0,    0, -1.00
4_s2_fi3_fu1_b0_l1, 0,    0,    0,    0,    0, -1.00
4_s2_fi3_fu2_b0_l1, 1, 1042,  628, 1113,  688, 0.53
4_s2_fi0_fu0_b1_l0, 0,    0,    0,    0,    0, -1.00
4_s2_fi1_fu1_b1_l0, 1, 1046,  626, 1113,  689, 0.56
4_s2_fi1_fu2_b1_l0, 0,    0,    0,    0,    0, -1.00
4_s2_fi2_fu1_b1_l0, 1, 1045,  627, 1113,  691, 0.53
4_s2_fi2_fu2_b1_l0, 1, 1047,  627, 1113,  689, 0.53
4_s2_fi3_fu1_b1_l0, 1, 1048,  627, 1113,  687, 0.50
4_s2_fi3_fu2_b1_l0, 0,    0,    0,    0,    0, -1.00
4_s2_fi0_fu0_b1_l1, 1, 1047,  626, 1114,  683, 0.50
4_s2_fi1_fu1_b1_l1, 1, 1047,  627, 1114,  684, 0.56
4_s2_fi1_fu2_b1_l1, 1, 1046,  628, 1115,  687, 0.64
4_s2_fi2_fu1_b1_l1, 1, 1212,  549, 1277,  714, 0.51
4_s2_fi2_fu2_b1_l1, 1, 1048,  626, 1115,  685, 0.67
4_s2_fi3_fu1_b1_l1, 0,    0,    0,    0,    0, -1.00
4_s2_fi3_fu2_b1_l1, 1, 1046,  627, 1114,  684, 0.75
5_s0_fi0_fu0_b0_l0, 1,  691,  517,  746,  611, 0.97
5_s0_fi1_fu1_b0_l0, 1,  682,  520,  735,  613, 0.95
5_s0_fi1_fu2_b0_l0, 1,  690,  512,  745,  609, 0.98
5_s0_fi2_fu1_b0_l0, 1,  680,  518,  734,  610, 0.98
5_s0_fi2_fu2_b0_l0, 1,  583,  523,  683,  632, 0.98
5_s0_fi3_fu1_b0_l0, 1,  580,  529,  681,  641, 0.98
5_s0_fi3_fu2_b0_l0, 1,  563,  531,  653,  645, 0.99
5_s0_fi0_fu0_b0_l1, 1,  697,  522,  755,  619, 0.98
5_s0_fi1_fu1_b0_l1, 1,  586,  520,  680,  628, 0.98
5_s0_fi1_fu2_b0_l1, 1,  687,  522,  745,  618, 0.98
5_s0_fi2_fu1_b0_l1, 1,  672,  518,  732,  614, 0.98
5_s0_fi2_fu2_b0_l1, 1,  697,  522,  752,  614, 0.98
5_s0_fi3_fu1_b0_l1, 1,  680,  521,  737,  618, 0.98
5_s0_fi3_fu2_b0_l1, 1,  586,  528,  663,  640, 0.99
5_s0_fi0_fu0_b1_l0, 1,  687,  521,  745,  626, 0.89
5_s0_fi1_fu1_b1_l0, 1,  761,  535,  821,  641, 0.99
5_s0_fi1_fu2_b1_l0, 1,  772,  544,  833,  656, 0.94
5_s0_fi2_fu1_b1_l0, 1,  763,  540,  822,  646, 0.94
5_s0_fi2_fu2_b1_l0, 1,  763,  534,  823,  633, 0.98
5_s0_fi3_fu1_b1_l0, 1,  760,  533,  821,  636, 0.99
5_s0_fi3_fu2_b1_l0, 1,  760,  534,  822,  639, 0.98
5_s0_fi0_fu0_b1_l1, 1,  722,  548,  783,  656, 0.96
5_s0_fi1_fu1_b1_l1, 1,  718,  551,  779,  655, 0.98
5_s0_fi1_fu2_b1_l1, 1,  599,  557,  682,  679, 0.98
5_s0_fi2_fu1_b1_l1, 1,  608,  554,  691,  679, 0.98
5_s0_fi2_fu2_b1_l1, 1,  579,  561,  667,  682, 0.99
5_s0_fi3_fu1_b1_l1, 1,  593,  561,  679,  684, 0.99
5_s0_fi3_fu2_b1_l1, 1,  584,  558,  671,  682, 0.98
5_s1_fi0_fu0_b0_l0, 1,  691,  460,  735,  545, 0.97
5_s1_fi1_fu1_b0_l0, 1, 1045,  627, 1114,  691, 0.79
5_s1_fi1_fu2_b0_l0, 1,  568,  518,  645,  624, 0.99
5_s1_fi2_fu1_b0_l0, 1,  744,  454,  802,  526, 0.80
5_s1_fi2_fu2_b0_l0, 1,  749,  467,  806,  545, 0.96
5_s1_fi3_fu1_b0_l0, 1,  739,  483,  797,  577, 0.94
5_s1_fi3_fu2_b0_l0, 1,  729,  448,  784,  542, 0.80
5_s1_fi0_fu0_b0_l1, 1,  703,  499,  760,  598, 0.95
5_s1_fi1_fu1_b0_l1, 1,  727,  492,  794,  601, 0.92
5_s1_fi1_fu2_b0_l1, 1,  728,  503,  786,  604, 0.93
5_s1_fi2_fu1_b0_l1, 1,  735,  504,  794,  604, 0.94
5_s1_fi2_fu2_b0_l1, 1,  720,  501,  784,  603, 0.95
5_s1_fi3_fu1_b0_l1, 1,  720,  499,  781,  603, 0.96
5_s1_fi3_fu2_b0_l1, 1,  720,  499,  781,  600, 0.96
5_s1_fi0_fu0_b1_l0, 1,  724,  474,  785,  582, 0.86
5_s1_fi1_fu1_b1_l0, 1,  639,  487,  736,  603, 0.94
5_s1_fi1_fu2_b1_l0, 1,  738,  508,  800,  609, 0.96
5_s1_fi2_fu1_b1_l0, 1,  741,  502,  800,  600, 0.99
5_s1_fi2_fu2_b1_l0, 1,  747,  472,  806,  584, 0.95
5_s1_fi3_fu1_b1_l0, 1,  640,  496,  741,  605, 0.95
5_s1_fi3_fu2_b1_l0, 1,  747,  506,  811,  605, 0.97
5_s1_fi0_fu0_b1_l1, 1,  697,  524,  770,  617, 0.90
5_s1_fi1_fu1_b1_l1, 1,  728,  524,  790,  632, 0.87
5_s1_fi1_fu2_b1_l1, 1,  708,  524,  776,  629, 0.95
5_s1_fi2_fu1_b1_l1, 1,  718,  521,  786,  633, 0.93
5_s1_fi2_fu2_b1_l1, 1,  718,  521,  779,  630, 0.93
5_s1_fi3_fu1_b1_l1, 1,  724,  510,  787,  622, 0.93
5_s1_fi3_fu2_b1_l1, 1,  726,  509,  787,  618, 0.98
5_s2_fi0_fu0_b0_l0, 0,    0,    0,    0,    0, -1.00
5_s2_fi1_fu1_b0_l0, 1, 1048,  626, 1112,  688, 0.56
5_s2_fi1_fu2_b0_l0, 0,    0,    0,    0,    0, -1.00
5_s2_fi2_fu1_b0_l0, 1, 1046,  627, 1112,  688, 0.55
5_s2_fi2_fu2_b0_l0, 1, 1046,  628, 1112,  688, 0.55
5_s2_fi3_fu1_b0_l0, 0,    0,    0,    0,    0, -1.00
5_s2_fi3_fu2_b0_l0, 1, 1041,  627, 1113,  693, 0.64
5_s2_fi0_fu0_b0_l1, 1, 1046,  627, 1113,  685, 0.52
5_s2_fi1_fu1_b0_l1, 1, 1047,  627, 1114,  684, 0.59
5_s2_fi1_fu2_b0_l1, 1, 1211,  549, 1278,  714, 0.55
5_s2_fi2_fu1_b0_l1, 1, 1046,  628, 1114,  686, 0.52
5_s2_fi2_fu2_b0_l1, 1, 1046,  627, 1114,  685, 0.52
5_s2_fi3_fu1_b0_l1, 0,    0,    0,    0,    0, -1.00
5_s2_fi3_fu2_b0_l1, 1, 1046,  628, 1114,  687, 0.68
5_s2_fi0_fu0_b1_l0, 1, 1045,  626, 1113,  687, 0.62
5_s2_fi1_fu1_b1_l0, 1, 1044,  625, 1113,  689, 0.51
5_s2_fi1_fu2_b1_l0, 0,    0,    0,    0,    0, -1.00
5_s2_fi2_fu1_b1_l0, 0,    0,    0,    0,    0, -1.00
5_s2_fi2_fu2_b1_l0, 0,    0,    0,    0,    0, -1.00
5_s2_fi3_fu1_b1_l0, 1, 1041,  627, 1113,  693, 0.61
5_s2_fi3_fu2_b1_l0, 1, 1046,  626, 1113,  687, 0.61
5_s2_fi0_fu0_b1_l1, 0,    0,    0,    0,    0, -1.00
5_s2_fi1_fu1_b1_l1, 0,    0,    0,    0,    0, -1.00
5_s2_fi1_fu2_b1_l1, 0,    0,    0,    0,    0, -1.00
5_s2_fi2_fu1_b1_l1, 0,    0,    0,    0,    0, -1.00
5_s2_fi2_fu2_b1_l1, 1, 1045,  627, 1115,  686, 0.59
5_s2_fi3_fu1_b1_l1, 1, 1047,  626, 1114,  684, 0.59
5_s2_fi3_fu2_b1_l1, 0,    0,    0,    0,    0, -1.00
6_s0_fi0_fu0_b0_l0, 1,  697,  496,  734,  614, 0.99
6_s0_fi1_fu1_b0_l0, 1,  563,  522,  666,  625, 0.92
6_s0_fi1_fu2_b0_l0, 1,  717,  493,  752,  610, 0.98
6_s0_fi2_fu1_b0_l0, 1,  695,  492,  729,  609, 0.99
6_s0_fi2_fu2_b0_l0, 1,  599,  520,  704,  627, 0.97
6_s0_fi3_fu1_b0_l0, 1,  703,  499,  740,  615, 0.99
6_s0_fi3_fu2_b0_l0, 1,  708,  495,  744,  612, 0.99
6_s0_fi0_fu0_b0_l1, 1,  673,  501,  715,  625, 0.97
6_s0_fi1_fu1_b0_l1, 1,  564,  529,  644,  641, 0.98
6_s0_fi1_fu2_b0_l1, 1,  570,  522,  668,  634, 0.93
6_s0_fi2_fu1_b0_l1, 1,  586,  524,  683,  635, 0.87
6_s0_fi2_fu2_b0_l1, 1,  573,  522,  666,  632, 0.97
6_s0_fi3_fu1_b0_l1, 1,  706,  507,  751,  625, 0.92
6_s0_fi3_fu2_b0_l1, 1,  693,  499,  734,  619, 0.88
6_s0_fi0_fu0_b1_l0, 1,  721,  515,  755,  582, 0.85
6_s0_fi1_fu1_b1_l0, 1,  634,  547,  737,  666, 0.90
6_s0_fi1_fu2_b1_l0, 1,  593,  543,  705,  665, 0.96
6_s0_fi2_fu1_b1_l0, 1,  633,  547,  747,  671, 0.92
6_s0_fi2_fu2_b1_l0, 1,  646,  548,  747,  675, 0.83
6_s0_fi3_fu1_b1_l0, 1,  632,  541,  740,  663, 0.94
6_s0_fi3_fu2_b1_l0, 1,  787,  516,  822,  641, 0.90
6_s0_fi0_fu0_b1_l1, 1,  733,  527,  769,  578, 0.99
6_s0_fi1_fu1_b1_l1, 1,  616,  555,  704,  678, 0.95
6_s0_fi1_fu2_b1_l1, 1,  736,  528,  771,  579, 0.99
6_s0_fi2_fu1_b1_l1, 1,  735,  527,  770,  576, 0.99
6_s0_fi2_fu2_b1_l1, 1,  597,  558,  682,  679, 0.99
6_s0_fi3_fu1_b1_l1, 1,  735,  528,  771,  575, 1.00
6_s0_fi3_fu2_b1_l1, 1,  734,  528,  770,  575, 1.00
6_s1_fi0_fu0_b0_l0, 1, 1046,  628, 1115,  687, 0.67
6_s1_fi1_fu1_b0_l0, 1,  748,  433,  778,  481, 0.81
6_s1_fi1_fu2_b0_l0, 1, 1047,  627, 1113,  687, 0.76
6_s1_fi2_fu1_b0_l0, 1,  738,  439,  774,  503, 0.95
6_s1_fi2_fu2_b0_l0, 1,  766,  446,  809,  564, 0.95
6_s1_fi3_fu1_b0_l0, 1,  756,  404,  787,  459, 0.96
6_s1_fi3_fu2_b0_l0, 1,  753,  443,  787,  489, 0.89
6_s1_fi0_fu0_b0_l1, 1,  731,  482,  768,  599, 0.77
6_s1_fi1_fu1_b0_l1, 1,  739,  482,  782,  601, 0.98
6_s1_fi1_fu2_b0_l1, 1,  735,  492,  780,  611, 0.97
6_s1_fi2_fu1_b0_l1, 1,  736,  479,  780,  598, 0.95
6_s1_fi2_fu2_b0_l1, 1,  742,  487,  796,  611, 0.96
6_s1_fi3_fu1_b0_l1, 1,  749,  491,  793,  610, 0.97
6_s1_fi3_fu2_b0_l1, 1,  744,  491,  793,  609, 0.96
6_s1_fi0_fu0_b1_l0, 1,  737,  473,  770,  515, 0.98
6_s1_fi1_fu1_b1_l0, 1,  640,  509,  725,  620, 0.73
6_s1_fi1_fu2_b1_l0, 1,  753,  461,  800,  587, 0.99
6_s1_fi2_fu1_b1_l0, 1,  753,  487,  788,  548, 0.98
6_s1_fi2_fu2_b1_l0, 1,  645,  496,  738,  612, 0.97
6_s1_fi3_fu1_b1_l0, 1,  643,  485,  727,  596, 0.97
6_s1_fi3_fu2_b1_l0, 1,  756,  461,  801,  580, 0.93
6_s1_fi0_fu0_b1_l1, 1,  717,  504,  750,  540, 0.92
6_s1_fi1_fu1_b1_l1, 1,  732,  489,  781,  628, 0.96
6_s1_fi1_fu2_b1_l1, 1,  733,  486,  778,  626, 0.96
6_s1_fi2_fu1_b1_l1, 1,  734,  487,  781,  629, 0.95
6_s1_fi2_fu2_b1_l1, 1,  729,  488,  779,  614, 0.89
6_s1_fi3_fu1_b1_l1, 1,  721,  492,  756,  525, 0.97
6_s1_fi3_fu2_b1_l1, 1,  723,  495,  767,  626, 0.89
6_s2_fi0_fu0_b0_l0, 1, 1208,  541, 1278,  718, 0.53
6_s2_fi1_fu1_b0_l0, 0,    0,    0,    0,    0, -1.00
6_s2_fi1_fu2_b0_l0, 1, 1047,  628, 1112,  690, 0.66
6_s2_fi2_fu1_b0_l0, 1, 1045,  627, 1112,  691, 0.54
6_s2_fi2_fu2_b0_l0, 1, 1045,  626, 1112,  690, 0.55
6_s2_fi3_fu1_b0_l0, 0,    0,    0,    0,    0, -1.00
6_s2_fi3_fu2_b0_l0, 0,    0,    0,    0,    0, -1.00
6_s2_fi0_fu0_b0_l1, 1, 1047,  627, 1114,  685, 0.66
6_s2_fi1_fu1_b0_l1, 1, 1044,  627, 1114,  685, 0.55
6_s2_fi1_fu2_b0_l1, 1, 1045,  628, 1115,  688, 0.69
6_s2_fi2_fu1_b0_l1, 0,    0,    0,    0,    0, -1.00
6_s2_fi2_fu2_b0_l1, 1, 1044,  628, 1114,  689, 0.67
6_s2_fi3_fu1_b0_l1, 1, 1044,  628, 1114,  690, 0.57
6_s2_fi3_fu2_b0_l1, 1, 1045,  628, 1115,  686, 0.78
6_s2_fi0_fu0_b1_l0, 0,    0,    0,    0,    0, -1.00
6_s2_fi1_fu1_b1_l0, 0,    0,    0,    0,    0, -1.00
6_s2_fi1_fu2_b1_l0, 0,    0,    0,    0,    0, -1.00
6_s2_fi2_fu1_b1_l0, 1, 1045,  625, 1113,  691, 0.59
6_s2_fi2_fu2_b1_l0, 1, 1047,  628, 1113,  692, 0.57
6_s2_fi3_fu1_b1_l0, 0,    0,    0,    0,    0, -1.00
6_s2_fi3_fu2_b1_l0, 1, 1046,  628, 1114,  691, 0.63
6_s2_fi0_fu0_b1_l1, 0,    0,    0,    0,    0, -1.00
6_s2_fi1_fu1_b1_l1, 1, 1046,  627, 1114,  686, 0.68
6_s2_fi1_fu2_b1_l1, 1, 1046,  627, 1114,  688, 0.61
6_s2_fi2_fu1_b1_l1, 1, 1044,  627, 1115,  688, 0.55
6_s2_fi2_fu2_b1_l1, 1, 1046,  627, 1114,  685, 0.56
6_s2_fi3_fu1_b1_l1, 1, 1044,  627, 1114,  688, 0.70
6_s2_fi3_fu2_b1_l1, 0,    0,    0,    0,    0, -1.00
7_s0_fi0_fu0_b0_l0, 1,  637,  448,  780,  615, 0.77
7_s0_fi1_fu1_b0_l0, 1,  651,  456,  788,  626, 0.88
7_s0_fi1_fu2_b0_l0, 1, 1046,  626, 1112,  691, 0.66
7_s0_fi2_fu1_b0_l0, 1,  661,  464,  802,  638, 0.90
7_s0_fi2_fu2_b0_l0, 1,  641,  459,  782,  630, 0.73
7_s0_fi0_fu0_b0_l1, 1, 1045,  628, 1115,  688, 0.54
7_s0_fi1_fu1_b0_l1, 1,  620,  461,  759,  631, 0.85
7_s0_fi1_fu2_b0_l1, 1, 1044,  626, 1114,  686, 0.66
7_s0_fi2_fu1_b0_l1, 1,  623,  457,  760,  625, 0.89
7_s0_fi2_fu2_b0_l1, 1,  639,  460,  773,  627, 0.73
7_s0_fi0_fu0_b1_l0, 0,    0,    0,    0,    0, -1.00
7_s0_fi1_fu1_b1_l0, 1,  657,  458,  794,  639, 0.88
7_s0_fi1_fu2_b1_l0, 1,  658,  469,  800,  647, 0.87
7_s0_fi2_fu1_b1_l0, 1,  656,  471,  803,  647, 0.79
7_s0_fi2_fu2_b1_l0, 1,  655,  468,  795,  647, 0.74
7_s0_fi0_fu0_b1_l1, 1, 1045,  626, 1115,  684, 0.82
7_s0_fi1_fu1_b1_l1, 1,  677,  474,  837,  670, 0.66
7_s0_fi1_fu2_b1_l1, 0,    0,    0,    0,    0, -1.00
7_s0_fi2_fu1_b1_l1, 0,    0,    0,    0,    0, -1.00
7_s0_fi2_fu2_b1_l1, 0,    0,    0,    0,    0, -1.00
7_s1_fi0_fu0_b0_l0, 1, 1046,  628, 1113,  692, 0.77
7_s1_fi1_fu1_b0_l0, 1, 1047,  627, 1113,  689, 0.70
7_s1_fi1_fu2_b0_l0, 1, 1046,  627, 1113,  692, 0.65
7_s1_fi2_fu1_b0_l0, 1, 1045,  627, 1114,  691, 0.79
7_s1_fi2_fu2_b0_l0, 1, 1045,  627, 1114,  690, 0.71
7_s1_fi0_fu0_b0_l1, 0,    0,    0,    0,    0, -1.00
7_s1_fi1_fu1_b0_l1, 1, 1045,  626, 1114,  686, 0.65
7_s1_fi1_fu2_b0_l1, 1, 1047,  629, 1114,  686, 0.69
7_s1_fi2_fu1_b0_l1, 1, 1046,  628, 1115,  687, 0.73
7_s1_fi2_fu2_b0_l1, 1, 1046,  628, 1114,  687, 0.57
7_s1_fi0_fu0_b1_l0, 1, 1047,  627, 1114,  689, 0.56
7_s1_fi1_fu1_b1_l0, 1, 1046,  628, 1114,  692, 0.84
7_s1_fi1_fu2_b1_l0, 1, 1042,  627, 1116,  692, 0.81
7_s1_fi2_fu1_b1_l0, 1, 1047,  627, 1114,  688, 0.77
7_s1_fi2_fu2_b1_l0, 1, 1047,  627, 1114,  691, 0.86
7_s1_fi0_fu0_b1_l1, 1, 1044,  628, 1114,  687, 0.53
7_s1_fi1_fu1_b1_l1, 1, 1043,  628, 1114,  690, 0.69
7_s1_fi1_fu2_b1_l1, 1, 1044,  629, 1114,  690, 0.76
7_s1_fi2_fu1_b1_l1, 0,    0,    0,    0,    0, -1.00
7_s1_fi2_fu2_b1_l1, 0,    0,    0,    0,    0, -1.00
7_s2_fi0_fu0_b0_l0, 0,    0,    0,    0,    0, -1.00
7_s2_fi1_fu1_b0_l0, 0,    0,    0,    0,    0, -1.00
7_s2_fi1_fu2_b0_l0, 1, 1046,  627, 1112,  689, 0.53
7_s2_fi2_fu1_b0_l0, 1, 1044,  627, 1112,  691, 0.57
7_s2_fi2_fu2_b0_l0, 0,    0,    0,    0,    0, -1.00
7_s2_fi0_fu0_b0_l1, 1, 1045,  628, 1115,  687, 0.71
7_s2_fi1_fu1_b0_l1, 1, 1045,  627, 1114,  685, 0.58
7_s2_fi1_fu2_b0_l1, 1, 1045,  628, 1114,  687, 0.66
7_s2_fi2_fu1_b0_l1, 0,    0,    0,    0,    0, -1.00
7_s2_fi2_fu2_b0_l1, 1, 1045,  626, 1114,  687, 0.73
7_s2_fi0_fu0_b1_l0, 0,    0,    0,    0,    0, -1.00
7_s2_fi1_fu1_b1_l0, 1, 1046,  626, 1113,  691, 0.52
7_s2_fi1_fu2_b1_l0, 0,    0,    0,    0,    0, -1.00
7_s2_fi2_fu1_b1_l0, 1, 1044,  626, 1113,  689, 0.62
7_s2_fi2_fu2_b1_l0, 0,    0,    0,    0,    0, -1.00
7_s2_fi0_fu0_b1_l1, 0,    0,    0,    0,    0, -1.00
7_s2_fi1_fu1_b1_l1, 1, 1045,  626, 1115,  686, 0.71
7_s2_fi1_fu2_b1_l1, 1, 1042,  627, 1114,  689, 0.73
7_s2_fi2_fu1_b1_l1, 1, 1041,  627, 1114,  688, 0.54
7_s2_fi2_fu2_b1_l1, 1, 1045,  626, 1114,  686, 0.71
8_s0_fi0_fu0_b0_l0, 1, 1044,  627, 1112,  691, 0.55
8_s0_fi1_fu1_b0_l0, 0,    0,    0,    0,    0, -1.00
8_s0_fi1_fu2_b0_l0, 1, 1044,  626, 1113,  689, 0.71
8_s0_fi2_fu1_b0_l0, 1, 1044,  627, 1112,  692, 0.57
8_s0_fi2_fu2_b0_l0, 1,  666,  501,  761,  626, 0.62
8_s0_fi0_fu0_b0_l1, 0,    0,    0,    0,    0, -1.00
8_s0_fi1_fu1_b0_l1, 1, 1045,  626, 1114,  685, 0.54
8_s0_fi1_fu2_b0_l1, 1, 1046,  628, 1114,  690, 0.64
8_s0_fi2_fu1_b0_l1, 1,  657,  502,  751,  617, 0.80
8_s0_fi2_fu2_b0_l1, 1, 1045,  626, 1114,  687, 0.62
8_s0_fi0_fu0_b1_l0, 0,    0,    0,    0,    0, -1.00
8_s0_fi1_fu1_b1_l0, 0,    0,    0,    0,    0, -1.00
8_s0_fi1_fu2_b1_l0, 1,  676,  518,  774,  631, 0.70
8_s0_fi2_fu1_b1_l0, 1,  677,  517,  776,  626, 0.78
8_s0_fi2_fu2_b1_l0, 1, 1045,  626, 1114,  689, 0.56
8_s0_fi0_fu0_b1_l1, 1, 1045,  627, 1114,  686, 0.63
8_s0_fi1_fu1_b1_l1, 1, 1045,  627, 1114,  685, 0.69
8_s0_fi1_fu2_b1_l1, 1, 1047,  628, 1115,  686, 0.69
8_s0_fi2_fu1_b1_l1, 0,    0,    0,    0,    0, -1.00
8_s0_fi2_fu2_b1_l1, 1,  710,  534,  812,  657, 0.54
8_s1_fi0_fu0_b0_l0, 1, 1046,  627, 1113,  689, 0.70
8_s1_fi1_fu1_b0_l0, 1, 1045,  627, 1113,  691, 0.56
8_s1_fi1_fu2_b0_l0, 1, 1042,  627, 1114,  691, 0.73
8_s1_fi2_fu1_b0_l0, 1, 1044,  626, 1113,  691, 0.73
8_s1_fi2_fu2_b0_l0, 1, 1046,  627, 1114,  690, 0.70
8_s1_fi0_fu0_b0_l1, 1, 1044,  628, 1114,  687, 0.53
8_s1_fi1_fu1_b0_l1, 0,    0,    0,    0,    0, -1.00
8_s1_fi1_fu2_b0_l1, 1, 1045,  628, 1114,  688, 0.60
8_s1_fi2_fu1_b0_l1, 1, 1046,  626, 1114,  686, 0.65
8_s1_fi2_fu2_b0_l1, 1, 1044,  628, 1115,  687, 0.73
8_s1_fi0_fu0_b1_l0, 1, 1040,  627, 1115,  693, 0.77
8_s1_fi1_fu1_b1_l0, 1, 1046,  628, 1114,  690, 0.76
8_s1_fi1_fu2_b1_l0, 1, 1046,  628, 1114,  691, 0.76
8_s1_fi2_fu1_b1_l0, 1, 1046,  627, 1114,  691, 0.78
8_s1_fi2_fu2_b1_l0, 1, 1047,  628, 1115,  687, 0.65
8_s1_fi0_fu0_b1_l1, 0,    0,    0,    0,    0, -1.00
8_s1_fi1_fu1_b1_l1, 1, 1046,  626, 1113,  685, 0.52
8_s1_fi1_fu2_b1_l1, 0,    0,    0,    0,    0, -1.00
8_s1_fi2_fu1_b1_l1, 1, 1043,  628, 1115,  689, 0.70
8_s1_fi2_fu2_b1_l1, 0,    0,    0,    0,    0, -1.00
8_s2_fi0_fu0_b0_l0, 1, 1046,  626, 1111,  690, 0.57
8_s2_fi1_fu1_b0_l0, 0,    0,    0,    0,    0, -1.00
8_s2_fi1_fu2_b0_l0, 0,    0,    0,    0,    0, -1.00
8_s2_fi2_fu1_b0_l0, 1, 1210,  548, 1278,  713, 0.56
8_s2_fi2_fu2_b0_l0, 0,    0,    0,    0,    0, -1.00
8_s2_fi0_fu0_b0_l1, 1, 1046,  627, 1114,  683, 0.51
8_s2_fi1_fu1_b0_l1, 0,    0,    0,    0,    0, -1.00
8_s2_fi1_fu2_b0_l1, 0,    0,    0,    0,    0, -1.00
8_s2_fi2_fu1_b0_l1, 0,    0,    0,    0,    0, -1.00
8_s2_fi2_fu2_b0_l1, 1, 1046,  628, 1114,  686, 0.67
8_s2_fi0_fu0_b1_l0, 0,    0,    0,    0,    0, -1.00
8_s2_fi1_fu1_b1_l0, 0,    0,    0,    0,    0, -1.00
8_s2_fi1_fu2_b1_l0, 0,    0,    0,    0,    0, -1.00
8_s2_fi2_fu1_b1_l0, 0,    0,    0,    0,    0, -1.00
8_s2_fi2_fu2_b1_l0, 0,    0,    0,    0,    0, -1.00
8_s2_fi0_fu0_b1_l1, 1, 1047,  626, 1114,  685, 0.55
8_s2_fi1_fu1_b1_l1, 1, 1046,  627, 1114,  685, 0.55
8_s2_fi1_fu2_b1_l1, 0,    0,    0,    0,    0, -1.00
8_s2_fi2_fu1_b1_l1, 1, 1047,  627, 1114,  683, 0.55
8_s2_fi2_fu2_b1_l1, 0,    0,    0,    0,    0, -1.00
9_s0_fi0_fu0_b0_l0, 1, 1044,  626, 1113,  691, 0.55
9_s0_fi1_fu1_b0_l0, 1, 1043,  628, 1112,  692, 0.62
9_s0_fi1_fu2_b0_l0, 1, 1044,  628, 1112,  690, 0.77
9_s0_fi2_fu1_b0_l0, 1,  676,  519,  737,  610, 0.58
9_s0_fi2_fu2_b0_l0, 0,    0,    0,    0,    0, -1.00
9_s0_fi0_fu0_b0_l1, 1,  663,  519,  723,  608, 0.73
9_s0_fi1_fu1_b0_l1, 0,    0,    0,    0,    0, -1.00
9_s0_fi1_fu2_b0_l1, 1,  678,  518,  743,  612, 0.85
9_s0_fi2_fu1_b0_l1, 1, 1045,  627, 1114,  684, 0.74
9_s0_fi2_fu2_b0_l1, 1,  659,  524,  721,  615, 0.82
9_s0_fi0_fu0_b1_l0, 1, 1046,  626, 1113,  684, 0.56
9_s0_fi1_fu1_b1_l0, 1, 1045,  626, 1115,  692, 0.66
9_s0_fi1_fu2_b1_l0, 1, 1047,  627, 1113,  689, 0.59
9_s0_fi2_fu1_b1_l0, 0,    0,    0,    0,    0, -1.00
9_s0_fi2_fu2_b1_l0, 1, 1045,  626, 1114,  690, 0.52
9_s0_fi0_fu0_b1_l1, 1, 1044,  628, 1114,  686, 0.70
9_s0_fi1_fu1_b1_l1, 1, 1046,  627, 1114,  686, 0.68
9_s0_fi1_fu2_b1_l1, 0,    0,    0,    0,    0, -1.00
9_s0_fi2_fu1_b1_l1, 0,    0,    0,    0,    0, -1.00
9_s0_fi2_fu2_b1_l1, 1, 1045,  628, 1114,  686, 0.82
9_s1_fi0_fu0_b0_l0, 1, 1045,  627, 1113,  691, 0.84
9_s1_fi1_fu1_b0_l0, 1, 1041,  627, 1114,  691, 0.59
9_s1_fi1_fu2_b0_l0, 1, 1045,  626, 1113,  689, 0.63
9_s1_fi2_fu1_b0_l0, 1, 1043,  628, 1114,  689, 0.60
9_s1_fi2_fu2_b0_l0, 1, 1044,  627, 1113,  690, 0.73
9_s1_fi0_fu0_b0_l1, 1, 1043,  629, 1114,  688, 0.50
9_s1_fi1_fu1_b0_l1, 1, 1045,  628, 1114,  688, 0.59
9_s1_fi1_fu2_b0_l1, 1, 1045,  629, 1114,  690, 0.70
9_s1_fi2_fu1_b0_l1, 0,    0,    0,    0,    0, -1.00
9_s1_fi2_fu2_b0_l1, 1, 1047,  627, 1114,  684, 0.60
9_s1_fi0_fu0_b1_l0, 1, 1042,  627, 1114,  691, 0.76
9_s1_fi1_fu1_b1_l0, 1, 1046,  628, 1113,  689, 0.76
9_s1_fi1_fu2_b1_l0, 1, 1045,  627, 1114,  692, 0.80
9_s1_fi2_fu1_b1_l0, 1, 1039,  626, 1114,  695, 0.84
9_s1_fi2_fu2_b1_l0, 1, 1038,  627, 1115,  693, 0.86
9_s1_fi0_fu0_b1_l1, 0,    0,    0,    0,    0, -1.00
9_s1_fi1_fu1_b1_l1, 1, 1209,  551, 1278,  720, 0.73
9_s1_fi1_fu2_b1_l1, 1, 1211,  548, 1277,  715, 0.57
9_s1_fi2_fu1_b1_l1, 1, 1211,  548, 1277,  714, 0.57
9_s1_fi2_fu2_b1_l1, 0,    0,    0,    0,    0, -1.00
9_s2_fi0_fu0_b0_l0, 1, 1047,  627, 1112,  689, 0.63
9_s2_fi1_fu1_b0_l0, 0,    0,    0,    0,    0, -1.00
9_s2_fi1_fu2_b0_l0, 1, 1046,  627, 1112,  691, 0.58
9_s2_fi2_fu1_b0_l0, 0,    0,    0,    0,    0, -1.00
9_s2_fi2_fu2_b0_l0, 0,    0,    0,    0,    0, -1.00
9_s2_fi0_fu0_b0_l1, 1, 1046,  628, 1114,  688, 0.55
9_s2_fi1_fu1_b0_l1, 1, 1046,  629, 1115,  688, 0.54
9_s2_fi1_fu2_b0_l1, 0,    0,    0,    0,    0, -1.00
9_s2_fi2_fu1_b0_l1, 0,    0,    0,    0,    0, -1.00
9_s2_fi2_fu2_b0_l1, 0,    0,    0,    0,    0, -1.00
9_s2_fi0_fu0_b1_l0, 0,    0,    0,    0,    0, -1.00
9_s2_fi1_fu1_b1_l0, 0,    0,    0,    0,    0, -1.00
9_s2_fi1_fu2_b1_l0, 0,    0,    0,    0,    0, -1.00
9_s2_fi2_fu1_b1_l0, 1, 1046,  626, 1113,  690, 0.58
9_s2_fi2_fu2_b1_l0, 0,    0,    0,    0,    0, -1.00
9_s2_fi0_fu0_b1_l1, 0,    0,    0,    0,    0, -1.00
9_s2_fi1_fu1_b1_l1, 1, 1045,  628, 1114,  687, 0.74
9_s2_fi1_fu2_b1_l1, 0,    0,    0,    0,    0, -1.00
9_s2_fi2_fu1_b1_l1, 0,    0,    0,    0,    0, -1.00
9_s2_fi2_fu2_b1_l1, 0,    0,    0,    0,    0, -1.00
